// Moves needed to win game 31501835474539091638200206085123244837321327142911280146440025172243124249363041051019070334261540332104

2 11
5 8
1 8
6 9
-1 -1
-1 -1
-1 -1
0 2
-1 -1
0 10
-1 -1
0 1
0 8
0 10
-1 -1
-1 -1
0 2
7 2
-1 -1
-1 -1
-1 -1
-1 -1
0 4
-1 -1
0 3
2 3
-1 -1
0 4
3 4
3 11
4 11
7 3
4 7
3 4
7 1
7 4
7 8
4 7
4 5
7 6
0 4
0 2
0 6
-1 -1
-1 -1
0 6
0 3
0 7
-1 -1
0 2
4 2
0 3
0 2
-1 -1
-1 -1
0 2
0 5
0 2
5 2
5 4
5 10
2 10
5 11
2 11
6 10
2 10
6 11
2 11
7 11
6 4
0 4
6 4
6 3
6 9
0 9
1 9
1 8
4 9
1 9
4 8
1 8
4 9
2 9
2 11
0 11
4 8
4 9
2 9
6 10
1 10
1 8
4 8
2 8
4 9
2 9
4 8
2 8
4 9
7 10
1 10
1 11
3 10
1 10
3 11
1 11
